 [[  4.351958860971e-10,   2.0639276683833466e-10,   6.854835875702804e-11,   1.7816138938662396e-11,   3.6232554080496966e-12,   5.765042628643055e-13,   7.175712219885052e-14,   6.985825891287826e-15,   5.318433877438838e-16,   3.165771779691673e-17,   1.4730504941394626e-18,   5.3568061930398234e-20,   1.522142682751246e-21],    [   4.185690036519904e-20,   1.4730504941394626e-18,   4.050693043746606e-17,   8.705451562661971e-16,   1.4624986174389858e-14,   1.9210092563185034e-13,   1.9732254724911e-12,   1.585310087173166e-11,   9.963470726560608e-11,   4.899201375131562e-10,   1.8849887433054393e-9,   5.675526726597771e-9,   1.3374032352648957e-8,   2.466745369718538e-8,   3.561470932029911e-8,   4.0252667209747016e-8,   3.561470932029911e-8,   2.466745369718538e-8,   1.3374032352648957e-8,   5.675526726597771e-9,   1.8849887433054393e-9,   4.899201375131562e-10,   9.963470726560608e-11,   1.585310087173166e-11,   1.9732254724911e-12,   1.9210092563185034e-13,   1.4624986174389858e-14,   8.705451562661971e-16,   4.050693043746606e-17,   1.4730504941394626e-18,   4.185690036519904e-20],    [   8.995577170552019e-19,   3.165771779691673e-17,   8.705451562661971e-16,   1.8709116215766885e-14,   3.1430944623735925e-13,   4.128491804167465e-12,   4.2407110554824414e-11,   3.4070318403886306e-10,   2.141275847597889e-9,   1.0529003261004122e-8,   4.0510791668950465e-8,   1.219742460793608e-7,   2.874248667723606e-7,   5.301347720399807e-7,   7.654051382263778e-7,   8.650807179857123e-7,   7.654051382263778e-7,   5.301347720399807e-7,   2.874248667723606e-7,   1.219742460793608e-7,   4.0510791668950465e-8,   1.0529003261004122e-8,   2.141275847597889e-9,   3.4070318403886306e-10,   4.2407110554824414e-11,   4.128491804167465e-12,   3.1430944623735925e-13,   1.8709116215766885e-14,   8.705451562661971e-16,   3.165771779691673e-17,   8.995577170552019e-19],    [   1.5112391448393925e-17,   5.318433877438838e-16,   1.4624986174389858e-14,   3.1430944623735925e-13,   5.280336433571403e-12,   6.935784447529354e-11,   7.124310566728168e-10,   5.723746000161916e-9,   3.5973010063016343e-8,   1.768851690390713e-7,   6.80573275041946e-7,   0.000002049143171611424,   0.000004828680824267593,   0.000008906159153078148,   0.000012858654699061694,   0.000014533184693757117,   0.000012858654699061694,   0.000008906159153078148,   0.000004828680824267593,   0.000002049143171611424,   6.80573275041946e-7,   1.768851690390713e-7,   3.5973010063016343e-8,   5.723746000161916e-9,   7.124310566728168e-10,   6.935784447529354e-11,   5.280336433571403e-12,   3.1430944623735925e-13,   1.4624986174389858e-14,   5.318433877438838e-16,   1.5112391448393925e-17],    [   1.9850305163577e-16,   6.985825891287826e-15,   1.9210092563185034e-13,   4.128491804167465e-12,   6.935784447529354e-11,   9.110235021531336e-10,   9.357866312064051e-9,   7.518208165134056e-8,   4.7250974793879454e-7,   0.0000023234076461866823,   0.000008939410577002615,   0.000026915738266341475,   0.00006342529455151905,   0.0001169834553503272,   0.00016889995249333263,   0.00019089510231047138,   0.00016889995249333263,   0.0001169834553503272,   0.00006342529455151905,   0.000026915738266341475,   0.000008939410577002615,   0.0000023234076461866823,   4.7250974793879454e-7,   7.518208165134056e-8,   9.357866312064051e-9,   9.110235021531336e-10,   6.935784447529354e-11,   4.128491804167465e-12,   1.9210092563185034e-13,   6.985825891287826e-15,   1.9850305163577e-16],    [   2.038986936510498e-15,   7.175712219885052e-14,   1.9732254724911e-12,   4.2407110554824414e-11,   7.124310566728168e-10,   9.357866312064051e-9,   9.612228631588439e-8,   7.722565526500217e-7,   0.000004853533461988648,   0.000023865617176786903,   0.00009182398575945902,   0.0002764735265244483,   0.0006514929920179318,   0.001201632595980675,   0.0017349093319887845,   0.001960839476508818,   0.0017349093319887845,   0.001201632595980675,   0.0006514929920179318,   0.0002764735265244483,   0.00009182398575945902,   0.000023865617176786903,   0.000004853533461988648,   7.722565526500217e-7,   9.612228631588439e-8,   9.357866312064051e-9,   7.124310566728168e-10,   4.2407110554824414e-11,   1.9732254724911e-12,   7.175712219885052e-14,   2.038986936510498e-15],    [   1.6381435386517817e-14,   5.765042628643055e-13,   1.585310087173166e-11,   3.4070318403886306e-10,   5.723746000161916e-9,   7.518208165134056e-8,   7.722565526500217e-7,   0.0000062043903237073005,   0.00003899379803773442,   0.00019173887715532773,   0.0007377235541417435,   0.002221217375033266,   0.005234163182906675,   0.009654042591895609,   0.013938443947109974,   0.015753590477992373,   0.013938443947109974,   0.009654042591895609,   0.005234163182906675,   0.002221217375033266,   0.0007377235541417435,   0.00019173887715532773,   0.00003899379803773442,   0.0000062043903237073005,   7.722565526500217e-7,   7.518208165134056e-8,   5.723746000161916e-9,   3.4070318403886306e-10,   1.585310087173166e-11,   5.765042628643055e-13,   1.6381435386517817e-14],    [   1.0295522198035821e-13,   3.6232554080496966e-12,   9.963470726560608e-11,   2.141275847597889e-9,   3.5973010063016343e-8,   4.7250974793879454e-7,   0.000004853533461988648,   0.00003899379803773442,   0.00024507102327164175,   0.001205054269910814,   0.0046364979920692495,   0.013960066533692809,   0.032896044800877794,   0.060674420440254506,   0.08760133387435297,   0.09900929719408007,   0.08760133387435297,   0.060674420440254506,   0.032896044800877794,   0.013960066533692809,   0.0046364979920692495,   0.001205054269910814,   0.00024507102327164175,   0.00003899379803773442,   0.000004853533461988648,   4.7250974793879454e-7,   3.5973010063016343e-8,   2.141275847597889e-9,   9.963470726560608e-11,   3.6232554080496966e-12,   1.0295522198035821e-13],    [   5.062476509902534e-13,   1.7816138938662396e-11,   4.899201375131562e-10,   1.0529003261004122e-8,   1.768851690390713e-7,   0.0000023234076461866823,   0.000023865617176786903,   0.00019173887715532773,   0.001205054269910814,   0.005925448770092602,   0.022798418304162228,   0.06864392844199707,   0.16175522802031048,   0.2983460404653773,   0.4307500741046899,   0.48684489398955816,   0.4307500741046899,   0.2983460404653773,   0.16175522802031048,   0.06864392844199707,   0.022798418304162228,   0.005925448770092602,   0.001205054269910814,   0.00019173887715532773,   0.000023865617176786903,   0.0000023234076461866823,   1.768851690390713e-7,   1.0529003261004122e-8,   4.899201375131562e-10,   1.7816138938662396e-11,   5.062476509902534e-13],    [   1.947809551747243e-12,   6.854835875702804e-11,   1.8849887433054393e-9,   4.0510791668950465e-8,   6.80573275041946e-7,   0.000008939410577002615,   0.00009182398575945902,   0.0007377235541417435,   0.0046364979920692495,   0.022798418304162228,   0.087717892321502,   0.264110459035691,   0.6223601780012603,   1.14789918769543,   1.657329386350281,   1.8731566119414789,   1.657329386350281,   1.14789918769543,   0.6223601780012603,   0.264110459035691,   0.087717892321502,   0.022798418304162228,   0.0046364979920692495,   0.0007377235541417435,   0.00009182398575945902,   0.000008939410577002615,   6.80573275041946e-7,   4.0510791668950465e-8,   1.8849887433054393e-9,   6.854835875702804e-11,   1.947809551747243e-12],    [   5.8646743692901726e-12,   2.0639276683833466e-10,   5.675526726597771e-9,   1.219742460793608e-7,   0.000002049143171611424,   0.000026915738266341475,   0.0002764735265244483,   0.002221217375033266,   0.013960066533692809,   0.06864392844199707,   0.264110459035691,   0.7952121594119149,   1.8738689216903965,   3.4562182624926265,   4.990065463474622,   5.639901273646251,   4.990065463474622,   3.4562182624926265,   1.8738689216903965,   0.7952121594119149,   0.264110459035691,   0.06864392844199707,   0.013960066533692809,   0.002221217375033266,   0.0002764735265244483,   0.000026915738266341475,   0.000002049143171611424,   1.219742460793608e-7,   5.675526726597771e-9,   2.0639276683833466e-10,   5.8646743692901726e-12],    [   1.3819747228933555e-11,   4.86351958860971e-10,   1.3374032352648957e-8,   2.874248667723606e-7,   0.000004828680824267593,   0.00006342529455151905,   0.0006514929920179318,   0.005234163182906675,   0.032896044800877794,   0.16175522802031048,   0.6223601780012603,   1.8738689216903965,   4.4156577513526845,   8.14436740184317,   11.75878471994297,   13.290083146997516,   11.75878471994297,   8.14436740184317,   4.4156577513526845,   1.8738689216903965,   0.6223601780012603,   0.16175522802031048,   0.032896044800877794,   0.005234163182906675,   0.0006514929920179318,   0.00006342529455151905,   0.000004828680824267593,   2.874248667723606e-7,   1.3374032352648957e-8,   4.86351958860971e-10,   1.3819747228933555e-11],    [   2.548954316003309e-11,   8.97041678186324e-10,   2.466745369718538e-8,   5.301347720399807e-7,   0.000008906159153078148,   0.0001169834553503272,   0.001201632595980675,   0.009654042591895609,   0.060674420440254506,   0.2983460404653773,   1.14789918769543,   3.4562182624926265,   8.14436740184317,   15.021707775220126,   21.688244051309844,   24.512615344120363,   21.688244051309844,   15.021707775220126,   8.14436740184317,   3.4562182624926265,   1.14789918769543,   0.2983460404653773,   0.060674420440254506,   0.009654042591895609,   0.001201632595980675,   0.0001169834553503272,   0.000008906159153078148,   5.301347720399807e-7,   2.466745369718538e-8,   8.97041678186324e-10,   2.548954316003309e-11],    [   3.680163674353545e-11,   1.2951429445855032e-9,   3.561470932029911e-8,   7.654051382263778e-7,   0.000012858654699061694,   0.00016889995249333263,   0.0017349093319887845,   0.013938443947109974,   0.08760133387435297,   0.4307500741046899,   1.657329386350281,   4.990065463474622,   11.75878471994297,   21.688244051309844,   31.313345797148155,   35.39115471252565,   31.313345797148155,   21.688244051309844,   11.75878471994297,   4.990065463474622,   1.657329386350281,   0.4307500741046899,   0.08760133387435297,   0.013938443947109974,   0.0017349093319887845,   0.00016889995249333263,   0.000012858654699061694,   7.654051382263778e-7,   3.561470932029911e-8,   1.2951429445855032e-9,   3.680163674353545e-11],    [   4.1594163335406075e-11,   1.463804111626938e-9,   4.0252667209747016e-8,   8.650807179857123e-7,   0.000014533184693757117,   0.00019089510231047138,   0.001960839476508818,   0.015753590477992373,   0.09900929719408007,   0.48684489398955816,   1.8731566119414789,   5.639901273646251,   13.290083146997516,   24.512615344120363,   35.39115471252565,   40.00000000000001,   35.39115471252565,   24.512615344120363,   13.290083146997516,   5.639901273646251,   1.8731566119414789,   0.48684489398955816,   0.09900929719408007,   0.015753590477992373,   0.001960839476508818,   0.00019089510231047138,   0.000014533184693757117,   8.650807179857123e-7,   4.0252667209747016e-8,   1.463804111626938e-9,   4.1594163335406075e-11],    [   3.680163674353545e-11,   1.2951429445855032e-9,   3.561470932029911e-8,   7.654051382263778e-7,   0.000012858654699061694,   0.00016889995249333263,   0.0017349093319887845,   0.013938443947109974,   0.08760133387435297,   0.4307500741046899,   1.657329386350281,   4.990065463474622,   11.75878471994297,   21.688244051309844,   31.313345797148155,   35.39115471252565,   31.313345797148155,   21.688244051309844,   11.75878471994297,   4.990065463474622,   1.657329386350281,   0.4307500741046899,   0.08760133387435297,   0.013938443947109974,   0.0017349093319887845,   0.00016889995249333263,   0.000012858654699061694,   7.654051382263778e-7,   3.561470932029911e-8,   1.2951429445855032e-9,   3.680163674353545e-11],    [   2.548954316003309e-11,   8.97041678186324e-10,   2.466745369718538e-8,   5.301347720399807e-7,   0.000008906159153078148,   0.0001169834553503272,   0.001201632595980675,   0.009654042591895609,   0.060674420440254506,   0.2983460404653773,   1.14789918769543,   3.4562182624926265,   8.14436740184317,   15.021707775220126,   21.688244051309844,   24.512615344120363,   21.688244051309844,   15.021707775220126,   8.14436740184317,   3.4562182624926265,   1.14789918769543,   0.2983460404653773,   0.060674420440254506,   0.009654042591895609,   0.001201632595980675,   0.0001169834553503272,   0.000008906159153078148,   5.301347720399807e-7,   2.466745369718538e-8,   8.97041678186324e-10,   2.548954316003309e-11],    [   1.3819747228933555e-11,   4.86351958860971e-10,   1.3374032352648957e-8,   2.874248667723606e-7,   0.000004828680824267593,   0.00006342529455151905,   0.0006514929920179318,   0.005234163182906675,   0.032896044800877794,   0.16175522802031048,   0.6223601780012603,   1.8738689216903965,   4.4156577513526845,   8.14436740184317,   11.75878471994297,   13.290083146997516,   11.75878471994297,   8.14436740184317,   4.4156577513526845,   1.8738689216903965,   0.6223601780012603,   0.16175522802031048,   0.032896044800877794,   0.005234163182906675,   0.0006514929920179318,   0.00006342529455151905,   0.000004828680824267593,   2.874248667723606e-7,   1.3374032352648957e-8,   4.86351958860971e-10,   1.3819747228933555e-11],    [   5.8646743692901726e-12,   2.0639276683833466e-10,   5.675526726597771e-9,   1.219742460793608e-7,   0.000002049143171611424,   0.000026915738266341475,   0.0002764735265244483,   0.002221217375033266,   0.013960066533692809,   0.06864392844199707,   0.264110459035691,   0.7952121594119149,   1.8738689216903965,   3.4562182624926265,   4.990065463474622,   5.639901273646251,   4.990065463474622,   3.4562182624926265,   1.8738689216903965,   0.7952121594119149,   0.264110459035691,   0.06864392844199707,   0.013960066533692809,   0.002221217375033266,   0.0002764735265244483,   0.000026915738266341475,   0.000002049143171611424,   1.219742460793608e-7,   5.675526726597771e-9,   2.0639276683833466e-10,   5.8646743692901726e-12],    [   1.947809551747243e-12,   6.854835875702804e-11,   1.8849887433054393e-9,   4.0510791668950465e-8,   6.80573275041946e-7,   0.000008939410577002615,   0.00009182398575945902,   0.0007377235541417435,   0.0046364979920692495,   0.022798418304162228,   0.087717892321502,   0.264110459035691,   0.6223601780012603,   1.14789918769543,   1.657329386350281,   1.8731566119414789,   1.657329386350281,   1.14789918769543,   0.6223601780012603,   0.264110459035691,   0.087717892321502,   0.022798418304162228,   0.0046364979920692495,   0.0007377235541417435,   0.00009182398575945902,   0.000008939410577002615,   6.80573275041946e-7,   4.0510791668950465e-8,   1.8849887433054393e-9,   6.854835875702804e-11,   1.947809551747243e-12],    [   5.062476509902534e-13,   1.7816138938662396e-11,   4.899201375131562e-10,   1.0529003261004122e-8,   1.768851690390713e-7,   0.0000023234076461866823,   0.000023865617176786903,   0.00019173887715532773,   0.001205054269910814,   0.005925448770092602,   0.022798418304162228,   0.06864392844199707,   0.16175522802031048,   0.2983460404653773,   0.4307500741046899,   0.48684489398955816,   0.4307500741046899,   0.2983460404653773,   0.16175522802031048,   0.06864392844199707,   0.022798418304162228,   0.005925448770092602,   0.001205054269910814,   0.00019173887715532773,   0.000023865617176786903,   0.0000023234076461866823,   1.768851690390713e-7,   1.0529003261004122e-8,   4.899201375131562e-10,   1.7816138938662396e-11,   5.062476509902534e-13],    [   1.0295522198035821e-13,   3.6232554080496966e-12,   9.963470726560608e-11,   2.141275847597889e-9,   3.5973010063016343e-8,   4.7250974793879454e-7,   0.000004853533461988648,   0.00003899379803773442,   0.00024507102327164175,   0.001205054269910814,   0.0046364979920692495,   0.013960066533692809,   0.032896044800877794,   0.060674420440254506,   0.08760133387435297,   0.09900929719408007,   0.08760133387435297,   0.060674420440254506,   0.032896044800877794,   0.013960066533692809,   0.0046364979920692495,   0.001205054269910814,   0.00024507102327164175,   0.00003899379803773442,   0.000004853533461988648,   4.7250974793879454e-7,   3.5973010063016343e-8,   2.141275847597889e-9,   9.963470726560608e-11,   3.6232554080496966e-12,   1.0295522198035821e-13],    [   1.6381435386517817e-14,   5.765042628643055e-13,   1.585310087173166e-11,   3.4070318403886306e-10,   5.723746000161916e-9,   7.518208165134056e-8,   7.722565526500217e-7,   0.0000062043903237073005,   0.00003899379803773442,   0.00019173887715532773,   0.0007377235541417435,   0.002221217375033266,   0.005234163182906675,   0.009654042591895609,   0.013938443947109974,   0.015753590477992373,   0.013938443947109974,   0.009654042591895609,   0.005234163182906675,   0.002221217375033266,   0.0007377235541417435,   0.00019173887715532773,   0.00003899379803773442,   0.0000062043903237073005,   7.722565526500217e-7,   7.518208165134056e-8,   5.723746000161916e-9,   3.4070318403886306e-10,   1.585310087173166e-11,   5.765042628643055e-13,   1.6381435386517817e-14],    [   2.038986936510498e-15,   7.175712219885052e-14,   1.9732254724911e-12,   4.2407110554824414e-11,   7.124310566728168e-10,   9.357866312064051e-9,   9.612228631588439e-8,   7.722565526500217e-7,   0.000004853533461988648,   0.000023865617176786903,   0.00009182398575945902,   0.0002764735265244483,   0.0006514929920179318,   0.001201632595980675,   0.0017349093319887845,   0.001960839476508818,   0.0017349093319887845,   0.001201632595980675,   0.0006514929920179318,   0.0002764735265244483,   0.00009182398575945902,   0.000023865617176786903,   0.000004853533461988648,   7.722565526500217e-7,   9.612228631588439e-8,   9.357866312064051e-9,   7.124310566728168e-10,   4.2407110554824414e-11,   1.9732254724911e-12,   7.175712219885052e-14,   2.038986936510498e-15],    [   1.9850305163577e-16,   6.985825891287826e-15,   1.9210092563185034e-13,   4.128491804167465e-12,   6.935784447529354e-11,   9.110235021531336e-10,   9.357866312064051e-9,   7.518208165134056e-8,   4.7250974793879454e-7,   0.0000023234076461866823,   0.000008939410577002615,   0.000026915738266341475,   0.00006342529455151905,   0.0001169834553503272,   0.00016889995249333263,   0.00019089510231047138,   0.00016889995249333263,   0.0001169834553503272,   0.00006342529455151905,   0.000026915738266341475,   0.000008939410577002615,   0.0000023234076461866823,   4.7250974793879454e-7,   7.518208165134056e-8,   9.357866312064051e-9,   9.110235021531336e-10,   6.935784447529354e-11,   4.128491804167465e-12,   1.9210092563185034e-13,   6.985825891287826e-15,   1.9850305163577e-16],    [   1.5112391448393925e-17,   5.318433877438838e-16,   1.4624986174389858e-14,   3.1430944623735925e-13,   5.280336433571403e-12,   6.935784447529354e-11,   7.124310566728168e-10,   5.723746000161916e-9,   3.5973010063016343e-8,   1.768851690390713e-7,   6.80573275041946e-7,   0.000002049143171611424,   0.000004828680824267593,   0.000008906159153078148,   0.000012858654699061694,   0.000014533184693757117,   0.000012858654699061694,   0.000008906159153078148,   0.000004828680824267593,   0.000002049143171611424,   6.80573275041946e-7,   1.768851690390713e-7,   3.5973010063016343e-8,   5.723746000161916e-9,   7.124310566728168e-10,   6.935784447529354e-11,   5.280336433571403e-12,   3.1430944623735925e-13,   1.4624986174389858e-14,   5.318433877438838e-16,   1.5112391448393925e-17],    [   8.995577170552019e-19,   3.165771779691673e-17,   8.705451562661971e-16,   1.8709116215766885e-14,   3.1430944623735925e-13,   4.128491804167465e-12,   4.2407110554824414e-11,   3.4070318403886306e-10,   2.141275847597889e-9,   1.0529003261004122e-8,   4.0510791668950465e-8,   1.219742460793608e-7,   2.874248667723606e-7,   5.301347720399807e-7,   7.654051382263778e-7,   8.650807179857123e-7,   7.654051382263778e-7,   5.301347720399807e-7,   2.874248667723606e-7,   1.219742460793608e-7,   4.0510791668950465e-8,   1.0529003261004122e-8,   2.141275847597889e-9,   3.4070318403886306e-10,   4.2407110554824414e-11,   4.128491804167465e-12,   3.1430944623735925e-13,   1.8709116215766885e-14,   8.705451562661971e-16,   3.165771779691673e-17,   8.995577170552019e-19],    [   4.185690036519904e-20,   1.4730504941394626e-18,   4.050693043746606e-17,   8.705451562661971e-16,   1.4624986174389858e-14,   1.9210092563185034e-13,   1.9732254724911e-12,   1.585310087173166e-11,   9.963470726560608e-11,   4.899201375131562e-10,   1.8849887433054393e-9,   5.675526726597771e-9,   1.3374032352648957e-8,   2.466745369718538e-8,   3.561470932029911e-8,   4.0252667209747016e-8,   3.561470932029911e-8,   2.466745369718538e-8,   1.3374032352648957e-8,   5.675526726597771e-9,   1.8849887433054393e-9,   4.899201375131562e-10,   9.963470726560608e-11,   1.585310087173166e-11,   1.9732254724911e-12,   1.9210092563185034e-13,   1.4624986174389858e-14,   8.705451562661971e-16,   4.050693043746606e-17,   1.4730504941394626e-18,   4.185690036519904e-20],    [   1.522142682751246e-21,   5.3568061930398234e-20,   1.4730504941394626e-18,   3.165771779691673e-17,   5.318433877438838e-16,   6.985825891287826e-15,   7.175712219885052e-14,   5.765042628643055e-13,   3.6232554080496966e-12,   1.7816138938662396e-11,   6.854835875702804e-11,   2.0639276683833466e-10,   4.86351958860971e-10,   8.97041678186324e-10,   1.2951429445855032e-9,   1.463804111626938e-9,   1.2951429445855032e-9,   8.97041678186324e-10,   4.86351958860971e-10,   2.0639276683833466e-10,   6.854835875702804e-11,   1.7816138938662396e-11,   3.6232554080496966e-12,   5.765042628643055e-13,   7.175712219885052e-14,   6.985825891287826e-15,   5.318433877438838e-16,   3.165771779691673e-17,   1.4730504941394626e-18,   5.3568061930398234e-20,   1.522142682751246e-21],    [   4.325186058931097e-23,   1.522142682751246e-21,   4.185690036519904e-20,   8.995577170552019e-19,   1.5112391448393925e-17,   1.9850305163577e-16,   2.038986936510498e-15,   1.6381435386517817e-14,   1.0295522198035821e-13,   5.062476509902534e-13,   1.947809551747243e-12,   5.8646743692901726e-12,   1.3819747228933555e-11,   2.548954316003309e-11,   3.680163674353545e-11,   4.1594163335406075e-11,   3.680163674353545e-11,   2.548954316003309e-11,   1.3819747228933555e-11,   5.8646743692901726e-12,   1.947809551747243e-12,   5.062476509902534e-13,   1.0295522198035821e-13,   1.6381435386517817e-14,   2.038986936510498e-15,   1.9850305163577e-16,   1.5112391448393925e-17,   8.995577170552019e-19,   4.185690036519904e-20,   1.522142682751246e-21,   4.325186058931097e-23 ]]